Compared the following, no match
-0.6187030448242726 -0.1619731194593926 0.7687465452915982 1.333333333333333 0.7698003589195013 0.5443310539518172 -0.3333333333333335 0.7698003589195012 0.5443310539518171 -0.9814814814814815 -0.1033528259660443 -0.1612832752449828 -0.3888888888888888 -0.9087920903910777 -0.1512030705421714 0.4999999999999999 0.2886751345948131 0.816496580927726 -0.3333333333333334 -0.2566001196398339 -0.9072184232530288 0.5000000000000001 -0.6735753140545634 -0.5443310539518174 0.4999999999999999 0.2886751345948129 -0.8164965809277261 1 1.085936895961482e-16 3.122502256758242e-18 0.4999999999999999 0.8660254037844387 -1.654432154187463e-16 0 0 0 
-0.5149456837387077 0.7365919858379498 -0.4384782653657764 1.333333333333333 0.7698003589195012 0.5443310539518174 -0.3333333333333334 0.7698003589195009 0.5443310539518175 -0.9814814814814815 -0.1033528259660442 -0.1612832752449829 -0.3888888888888888 -0.9087920903910776 -0.1512030705421717 0.5 0.288675134594813 0.816496580927726 -0.3333333333333333 -0.2566001196398335 -0.9072184232530289 0.5000000000000001 -0.6735753140545633 -0.5443310539518175 0.5 0.288675134594813 -0.816496580927726 1 1.061306432652623e-16 7.416338151438167e-18 0.4999999999999999 0.8660254037844387 5.251307532966871e-17 0 0 0 
1.508501435831003
3.647441649659509
Compared the following, no match
0.3804345300903383 -0.6848186186593541 0.621524760450006 1.333333333333333 0.769800358919501 0.5443310539518172 -0.9814814814814815 -0.1033528259660439 -0.161283275244983 -0.580246913580247 -0.4181631579315808 0.6988941927282593 0.5 0.8660254037844387 0 0.5 0.288675134594813 0.816496580927726 0.5 -0.6735753140545634 -0.5443310539518174 0.5 0.288675134594813 -0.816496580927726 -0.3333333333333334 -0.2566001196398336 -0.9072184232530289 -0.388888888888889 -0.9087920903910776 -0.1512030705421716 1 -1.124765917486873e-17 -3.786654729703073e-18 0 0 0 
-0.4496243585941822 0.5731725287569251 0.6850629083793415 1.333333333333333 0.7698003589195013 0.5443310539518172 -0.9814814814814815 -0.1033528259660446 -0.1612832752449827 -0.5802469135802466 -0.4181631579315809 0.6988941927282595 0.4999999999999999 0.8660254037844387 -1.758515562746072e-16 0.4999999999999999 0.2886751345948131 0.8164965809277259 0.5000000000000001 -0.6735753140545634 -0.5443310539518174 0.4999999999999999 0.2886751345948128 -0.8164965809277261 -0.3333333333333334 -0.256600119639834 -0.9072184232530288 -0.3888888888888886 -0.9087920903910778 -0.1512030705421713 1 1.259409243559162e-16 -4.510281037539712e-18 0 0 0 
1.508501435831003
4.138104230180654
Compared the following, no match
-0.6013754522854027 0.7974957089877742 -0.04845781190493888 0.4999999999998749 -0.288675134596826 -0.8164965809270909 -0.9814814814812531 -0.1033528259667673 0.1612832752459092 -0.3888888888876439 -0.908792090391081 0.1512030705453528 0.9999999999987753 0.5773502691882475 -0.8164965809302005 0.4999999999989004 0.8660254037850735 -3.109572893498569e-12 -1.22473425660192e-12 0.5773502691869778 -0.8164965809295984 0.5000000000011829 -0.6735753140521633 0.5443310539537007 -0.3333333333324612 -0.2566001196373147 0.9072184232540618 0.5000000000001251 0.2886751345980957 0.8164965809264888 1 1.269621862024981e-12 -6.020573392467436e-13 0 0 0 
-0.6123650057319971 -0.2113309318705081 0.761805970696997 0.4999999999987958 -0.2886751345933216 0.8164965809289908 -0.9814814814813344 -0.1033528259658393 -0.1612832752460099 -0.3888888888892102 -0.9087920903911861 -0.1512030705406926 0.9999999999992857 0.5773502691908342 0.8164965809277464 0.5000000000004899 0.8660254037841558 -1.244345671620552e-12 -7.143709994370783e-13 0.5773502691913999 0.8164965809264715 0.500000000000313 -0.673575314056029 -0.5443310539497164 -0.3333333333323218 -0.2566001196416164 -0.9072184232528964 0.5000000000012043 0.2886751345927559 -0.8164965809277158 1 -5.658073396904029e-13 1.274827621261093e-12 0 0 0 
4.124792229248791
1.235604126426575
Compared the following, no match
-0.2894736842105264 0.7444779786900552 -0.6016290596332213 0.5 0.2886751345972974 0.8164965809268476 -0.4026887694360696 -0.9057879526171926 -0.1318709212207842 -0.5146171346044167 -0.2019017294750151 -0.8333096041727454 0.5 -0.8163710247956959 0.2890300155243834 1.388888888888889 0.8018753738731 -0.4536092116289545 1.333333333333333 0.7698003589211574 0.5443310539494749 0.3807630675294444 -0.6216211787888738 -0.6845484617517584 0.5925925925925926 0.342133492850535 -0.8467371950372015 1 4.009566410307393e-24 2.022983768423155e-28 0.5 0.8660254037844387 -2.635187570424226e-12 7.583800545855457e-32 -1.46672354643625e-31 -4.606734149008125e-32 
-0.2894736842105263 0.7444779786900027 -0.6016290596332863 0.5 0.2886751345973687 0.8164965809268224 -0.4784340040803618 -0.8620564210056014 -0.1672113355686322 -0.9263959489520018 0.007159060300676119 -0.3764827932601056 0.5 -0.787691205261873 -0.359920220539355 1.388888888888889 0.8018753738730603 -0.4536092116290244 1.333333333333333 0.7698003589212048 0.5443310539494077 -0.1611599193476408 -0.3087417964361939 -0.9373931851305586 0.5925925925925926 0.3421334928504612 -0.8467371950372312 1 1.670067129201246e-23 2.045242364137515e-39 0.5 0.8660254037844387 -2.71066604053678e-12 0 0 0 
1.143818648184141
3.713847769615134
Compared the following, no match
0.2368839186411271 -0.6695099568618375 -0.7040187687498711 -0.2111310329156357 -0.4750885360372619 0.8542333228491781 -0.4613706714117632 -0.8869349812532166 -0.02198732795078416 0.5000000000000001 0.2886751345993014 -0.8164965809261391 -0.3090169943749475 0.7557613140729968 0.5773502691937804 0.5 1.222847493552393 0.9341723589694382 1.309016994374947 0.7557613140729968 0.5773502691937804 0.5000000000000001 -0.8299627580954324 0.2473091590997445 1 2.766879807595267e-24 -3.388450499996988e-40 0.5 0.8660254037844386 4.760902950662386e-12 0.4999999999999999 0.2277226448949161 0.8355491589380388 0 0 0 
-0.2111310329156358 -0.4108484039834334 -0.8869201068214894 0.2368839186411271 -0.719568837913058 0.6527684862136615 -0.461370671411763 -0.8861438247892436 -0.04343069592983182 0.5000000000000001 0.2886751345948129 -0.816496580927726 -0.3090169943749475 0.7557613140761706 0.5773502691896258 0.4999999999999999 1.222847493557528 0.9341723589627159 1.309016994374947 0.7557613140761706 0.577350269189626 0.5000000000000001 -0.8094820380554937 -0.3077967349819101 1 4.379021489863304e-17 1.606729855274618e-16 0.5 0.8660254037844386 1.110223024625157e-16 0.4999999999999999 0.2277226448995094 0.8355491589367869 7.601224193321085e-31 -4.239182456183973e-31 -3.221599314473749e-31 
0.9545546856754261
4.117672331036716
Compared the following, no match
0.4999999999999549 0.2886751345937512 -0.816496580928129 -0.1140738381599056 -0.4994385679926661 -0.8588063089247207 -0.8617204124792059 0.3590926074149062 0.3584556179175201 -0.02851727729348314 -0.9995891069014262 0.002895213252179649 0.9999999999990312 0.5773502691924435 0.81649658092692 1 1.170709032088587e-12 3.586090755398372e-13 -9.687427709845516e-13 0.5773502691912727 0.8164965809265614 0.4999999999989862 0.866025403785024 -1.567624881112085e-12 0.5000000000000451 -0.2886751345925805 0.8164965809284876 -0.4771052218850634 -0.4844704016568828 0.7332523693575242 -0.8582513127739702 -0.4762743475728973 -0.1912261226029744 0 0 0 
0.4999999999991649 0.2886751345962336 0.8164965809277351 -0.4782398493264261 0.08923493404936594 0.8736840235814333 -0.6149073391486298 -0.2092465220688054 -0.7603320703898139 -0.001643964796727634 -0.7607133307024918 0.649085915631566 1.000000000001445 0.5773502691871492 -0.8164965809277079 1 -7.038772187421566e-13 1.271597719223165e-12 1.444668636468914e-12 0.5773502691878531 -0.8164965809289796 0.5000000000006095 0.8660254037840867 -1.244500832389078e-12 0.500000000000835 -0.2886751345969376 -0.8164965809264635 -0.08364445869004976 -0.9398022043733947 -0.3313237407511824 -0.8411824972279862 -0.5151375747835514 0.1644545086138104 0 0 0 
4.228719913147953
1.426138887924591
Compared the following, no match
-0.6126630386145799 -0.7834124400821607 -0.1044459182546864 0.4999999999999313 -0.6454972243661076 0.5773502691916924 0.5000000000003511 -0.6735753140560391 -0.5443310539496687 -0.3333333333329416 -0.2566001196425537 -0.9072184232524035 -0.9687598666736492 0.08849210899156378 0.2316753490742565 0.4999999999998065 0.8660254037845503 -2.341076980444117e-12 -0.3090169943753291 0.7557613140777854 0.5773502691873079 -0.309016994375252 -0.1784110448838898 0.934172358963122 0.5000000000002366 0.2886751345925435 -0.8164965809283835 0.5527864044996628 0.3191513794450246 0.8355491589360601 1 2.233183285272467e-13 3.686806512928274e-13 0 0 0 
-0.5818820151726183 0.629189537587043 -0.5152997634480884 0.4999999999997992 -0.6454972243671193 0.5773502691906757 0.5000000000018727 -0.6735753140540267 -0.5443310539507613 -0.3333333333313492 -0.2566001196404712 -0.9072184232535776 -0.9687598666740809 0.08849210898988369 0.2316753490730933 0.499999999998863 0.8660254037850951 7.171619674638592e-13 -0.309016994376988 0.7557613140758921 0.5773502691888982 -0.3090169943764094 -0.178411044886745 0.9341723589621939 0.5000000000011035 0.2886751345952896 -0.8164965809268818 0.5527864044981059 0.3191513794433743 0.8355491589377203 1 1.312972098468877e-12 1.815631157308305e-12 0 0 0 
1.471459377906602
4.323095136548769
Compared the following, no match
-0.4496243585927215 -0.4548259944867091 -0.768746545293047 1.333333333332977 0.769800358918812 0.544331053953662 0.5000000000014608 -0.6735753140540497 -0.5443310539529583 0.5000000000009547 0.2886751345957784 -0.8164965809272692 -0.580246913579194 -0.7983114833253693 0.1612832752428715 -0.9814814814810866 0.1176083881665401 0.1512030705412974 -0.3888888888888264 -0.160375074777438 0.907218423252112 -0.3333333333336898 0.769800358917602 0.544331053952484 1.000000000000587 -2.725215399671349e-14 3.309125913515592e-13 0.4999999999999584 0.8660254037840485 1.415577488528271e-12 0.4999999999998005 0.288675134593067 0.8164965809281829 5.870589187691802e-13 -7.531367961744115e-13 -3.75757754642966e-13 
0.3804345300921401 -0.8142520366038346 -0.4384782653679429 1.333333333332985 0.7698003589232444 -0.5443310539473765 0.5000000000002086 -0.6735753140556452 0.544331053950287 0.4999999999984271 0.2886751345928272 0.8164965809293914 -0.5802469135788599 -0.7983114833242337 -0.1612832752484543 -0.9814814814814385 0.1176083881673343 -0.1512030705431679 -0.3888888888873739 -0.1603750747724476 -0.9072184232541112 -0.3333333333336816 0.7698003589208249 -0.5443310539497318 1 1.451701594713728e-12 1.413249250192108e-12 0.4999999999987428 0.8660254037851646 3.582662745317762e-12 0.5000000000007347 0.2886751345982504 -0.8164965809260607 0 0 0 
3.647441649658779
1.508501435833854
Compared the following, no match
0.5000000000000512 -0.6735753140536151 0.5443310539529437 -0.6187030448250688 -0.1619731194595109 0.7687465452909328 -0.3888888888876979 -0.9087920903916158 -0.1512030705419996 -0.3333333333348699 0.7698003589195326 0.5443310539508318 -0.9814814814811635 -0.1033528259672414 -0.1612832752461509 0.4999999999990473 0.8660254037849887 -5.551115123125778e-17 0.5000000000007171 0.2886751345947656 -0.8164965809273037 0.5000000000014305 -0.6735753140544115 -0.5443310539506911 -0.3333333333319016 -0.2566001196408638 -0.9072184232532636 0.4999999999986479 0.2886751345959602 0.8164965809281484 1 1.100022493549987e-12 1.267107133190412e-12 -6.958324703760321e-32 -1.525125867367023e-31 4.775102555865103e-32 
0.5 -0.6735753140545635 0.5443310539518172 -0.5149456837387079 0.7365919858379498 -0.4384782653657763 -0.3888888888888888 -0.9087920903910777 -0.1512030705421717 -0.3333333333333335 0.7698003589195009 0.5443310539518175 -0.9814814814814815 -0.1033528259660442 -0.1612832752449829 0.4999999999999999 0.8660254037844387 2.220446049250313e-16 0.5 0.2886751345948132 -0.8164965809277259 0.5000000000000001 -0.6735753140545632 -0.5443310539518176 -0.3333333333333334 -0.2566001196398334 -0.907218423253029 0.4999999999999999 0.2886751345948128 0.8164965809277261 1 7.794281839509335e-17 3.034710581463328e-17 0 0 0 
1.508501435830596
3.647441649659413
Compared the following, no match
-0.4451388448930205 0.6818646734480971 -0.5804411907082639 -0.3333333333263356 -0.2566001196436416 -0.9072184232545231 -0.4105616754330657 0.8143881630179198 0.4101353808218599 0.49999999999814 -0.737725343961987 0.453609211632687 1.17728740638135 -0.2062150703817642 0.9623120701202146 1.267231192786699 0.7316362702888843 0.6271330461802671 0.500000000005182 -0.6735753140555234 -0.5443310539458694 0.3646869110135769 0.3667981829457439 0.8558402595829879 0.5000000000053145 0.2886751345928997 -0.816496580925148 0.499999999998361 0.866025403785385 5.561096416003745e-13 1 1.892487890082647e-12 7.17808494257866e-12 0 0 0 
-0.89328466610424 0.3217132812645365 0.3139157051837988 -0.3333333333358107 -0.2566001196374278 0.9072184232527991 -0.4105616754230477 0.8143881630197188 -0.410135380828316 0.4999999999957669 -0.7377253439678307 -0.4536092116257989 1.177287406387473 -0.2062150703951187 -0.9623120701098625 1.2672311927978 0.731636270276076 -0.6271330461727787 0.4999999999952304 -0.6735753140575427 0.5443310539525118 0.36468691102354 0.3667981829394693 -0.8558402595814316 0.5000000000010534 0.2886751345919235 0.8164965809281025 0.5000000000054718 0.8660254037812795 1.857541178384264e-13 1 -6.318330392075276e-12 9.437209690260391e-13 0 0 0 
4.239994337564011
0.6337030351788502
Compared the following, no match
-0.8895930111933887 -0.4460941651838144 0.09810336500260858 -0.3333333333311106 -0.256600119640996 0.9072184232535169 0.5000000000009943 -0.6735753140557179 0.5443310539494755 -0.8333333333337362 0.4811252243256464 -0.2721655269729811 -0.5000000000023398 -0.2886751345932443 -0.8164965809268478 0.9999999999982258 0.5773502691902148 -0.8164965809294825 0.5000000000005655 0.8660254037841122 -5.134781488891349e-17 0.4999999999976602 -0.2886751345938973 -0.8164965809294825 0.5000000000023398 0.2886751345932444 0.8164965809268478 1 -6.530654740741223e-13 -2.634702717232392e-12 -1.774241102222115e-12 0.5773502691908678 -0.8164965809268477 0 0 0 
-0.3961212745205104 0.6935299948346906 -0.6017508472248153 -0.3333333333306603 -0.2566001196423732 -0.9072184232536659 0.5000000000027721 -0.673575314055131 -0.5443310539504158 -0.833333333334098 0.4811252243227946 0.2721655269734102 -0.500000000000357 -0.2886751345953951 0.8164965809268324 0.9999999999980875 0.5773502691917377 0.8164965809283857 0.4999999999990316 0.8660254037845836 -6.140007809840328e-13 0.4999999999996431 -0.2886751345935991 0.8164965809286238 0.5000000000015311 0.2886751345938889 -0.8164965809275841 1.000000000000587 1.04300958995564e-12 1.415460063545523e-12 -1.912464280695269e-12 0.5773502691899415 0.8164965809265944 5.870589187691827e-13 -7.531367961744069e-13 -3.75757754642971e-13 
4.487655221173956
1.340118788518987
Compared the following, no match
1.137788290952099 -0.6157384347030049 -0.7758096202716186 0.5000000000000001 0.1506128221185583 -0.8528281056657804 0.4999999999999999 0.2886751345948128 0.816496580927726 -0.6522633744855968 -0.756732760234139 -0.04368088704551642 1 -6.790429822581901e-17 9.211585045089809e-17 0.1598079561042525 -0.7622765899794441 -0.6272127370638225 -0.3888888888888887 0.8018753738744803 -0.4536092116265146 -0.3333333333333334 0.769800358919501 0.5443310539518172 -0.9814814814814815 0.1817584180782156 0.06048122821686829 0.5000000000000001 0.8660254037844386 2.824376263443881e-31 -0.5802469135802468 -0.1140444976177038 -0.8064163762249148 -1.747179571423796e-31 -3.803711640164791e-33 -3.256747535958816e-31 
1.137788290952099 -0.8798701683949819 0.4547998171119751 0.4999999999999999 -0.8078566235319405 -0.3120379397053707 0.5 0.2886751345948129 -0.816496580927726 -0.6522633744855968 -0.7567327602341389 0.04368088704551612 1 -6.047952628594652e-17 -1.393150347241703e-17 0.1598079561042524 -0.7622765899794444 0.6272127370638223 -0.3888888888888887 0.8018753738744803 0.4536092116265147 -0.3333333333333333 0.7698003589195012 -0.5443310539518171 -0.9814814814814815 0.1817584180782158 -0.06048122821686828 0.5000000000000001 0.8660254037844386 -5.551115123125768e-17 -0.5802469135802467 -0.114044497617704 0.8064163762249147 -3.555687974514172e-31 -9.252287823457805e-31 1.715040615476834e-31 
3.415736628351401
1.564733027826767
1.564733027826765
3.415736628351346
Compared the following, no match
-0.5149456837387077 -0.2973040291245786 -0.8040157069766526 1.333333333333333 0.7698003589195012 -0.5443310539518174 -0.3333333333333334 -0.9408671053460568 -0.06048122821686873 -0.9814814814814815 0.1817584180782156 -0.06048122821686845 0.5 -0.7377253439645221 0.4536092116265142 -0.3888888888888888 0.8018753738744803 0.4536092116265146 0.4999999999999999 -0.6735753140545634 -0.5443310539518175 -0.3333333333333334 0.7698003589195009 -0.5443310539518172 1 -1.848265834882067e-17 5.234385079212927e-17 0.5 0.8660254037844386 5.551115123125783e-17 0.5 0.288675134594813 -0.8164965809277259 0 0 0 
-0.6187030448242727 -0.357208369477735 0.6997204606842878 1.333333333333333 0.7698003589195009 -0.5443310539518172 -0.3333333333333334 -0.9408671053460568 -0.06048122821686872 -0.9814814814814815 0.1817584180782156 -0.06048122821686858 0.5 -0.7377253439645219 0.4536092116265144 -0.3888888888888888 0.8018753738744803 0.4536092116265145 0.5 -0.6735753140545633 -0.5443310539518175 -0.3333333333333333 0.7698003589195009 -0.5443310539518174 1 -1.527204118884582e-32 -3.460041825775363e-31 0.5 0.8660254037844387 2.052559838230697e-31 0.5 0.2886751345948129 -0.816496580927726 1.763565022278778e-31 9.437056727497456e-33 -1.191187670603505e-31 
1.508501435831003
2.814748338183431
2.814748338183431
1.508501435831004
Compared the following, no match
-0.662994039822858 -0.2512038105523495 -0.7052202129288949 -0.9736842105262875 0.1772566615913532 0.1432450141951572 -0.3333333333312531 -0.9408671053473839 -0.06048122821654398 0.5000000000018868 0.2886751345935687 -0.8164965809274796 0.4999999999985409 0.1817584180794499 0.8467371950365662 -0.421052631578737 0.8204451193727906 -0.3867615383366708 0.4999999999993301 0.8660254037844112 -6.138897586815711e-13 -0.2894736842122862 0.744477978691609 0.6016290596288615 0.5000000000007031 -0.7377253439638732 0.4536092116282905 0.5000000000027107 -0.6735753140554019 -0.5443310539501369 1.000000000000587 6.983496550014711e-13 1.729189672756433e-12 5.870589187691803e-13 -7.531367961744075e-13 -3.757577546429696e-13 
-0.4744105403295727 -0.4133121481320811 0.7772436602704762 -0.9736842105267587 0.1772566615938974 0.1432450141941045 -0.3333333333330153 -0.940867105346419 -0.06048122821298581 0.500000000002328 0.2886751345906787 -0.8164965809277621 0.4999999999975129 0.1817584180826569 0.8467371950366755 -0.421052631577948 0.8204451193726735 -0.3867615383396393 0.499999999999869 0.8660254037845143 -3.012849298075865e-12 -0.2894736842123865 0.744477978694944 0.6016290596262766 0.4999999999987941 -0.7377253439621074 0.4536092116317704 0.5000000000016831 -0.6735753140572943 -0.5443310539468921 1 1.51361850421001e-13 2.904738366050285e-12 0 0 0 
1.503177296507179
3.122924808488218
Compared the following, no match
-0.6071171644819447 -0.7876046653068284 0.10529786217356 -0.93389738142542 0.03751195402088255 -0.3555679038837429 0.4999999999988624 -0.737725343964021 -0.453609211628583 -0.3333333333313495 -0.2566001196409476 0.9072184232534428 0.6353130889777353 0.3667981829430534 -0.855840259582601 -0.2672311927938635 0.7316362702851438 -0.6271330461721923 -0.1772874063900519 -0.2062150703860914 -0.9623120701109116 0.5000000000001459 0.8660254037843544 -1.110223024625157e-16 0.5000000000018729 0.2886751345936756 0.8164965809269812 0.5000000000011028 -0.6735753140553496 0.5443310539498315 1 -1.683924347621689e-13 -2.234290099925794e-12 0 0 0 
-0.6871695764089407 0.5638388549099932 -0.4581306789025864 -0.933897381424632 0.03751195402026669 0.3555679038858778 0.5 -0.7377253439645218 0.4536092116265145 -0.3333333333333334 -0.2566001196398338 -0.9072184232530288 0.6353130889795856 0.3667981829420566 0.8558402595816547 -0.2672311927925856 0.7316362702842899 0.6271330461737328 -0.1772874063878672 -0.2062150703873622 0.9623120701110417 0.5 0.8660254037844387 -1.110223024625157e-16 0.5 0.2886751345948129 -0.816496580927726 0.5 -0.6735753140545634 -0.5443310539518174 1 2.531677169527861e-17 1.137686462449272e-17 0 0 0 
4.339385179435198
1.399035015127321
Compared the following, no match
0.5000000000005788 0.2886751345919563 0.8164965809294292 -0.6187030448235031 -0.3572083694805049 0.6997204606836853 0.5000000000009146 -0.7377253439661997 0.4536092116248835 -0.3888888888883769 0.8018753738725699 0.4536092116297195 -0.3333333333322703 -0.9408671053462827 -0.06048122821931401 -0.9814814814807119 0.1817584180778201 -0.06048122821578764 0.500000000000882 0.2886751345972605 -0.8164965809260231 0.500000000001083 -0.6735753140529999 -0.5443310539532399 -0.3333333333326277 0.7698003589208466 -0.5443310539487063 1.000000000000806 -7.368285893763168e-14 8.582458642327199e-13 0.5000000000005794 0.8660254037842341 3.578354136850011e-12 8.059005094174567e-13 -3.352323458288734e-13 6.7256921850979e-13 
0.5000000000000183 0.2886751345947814 -0.8164965809277259 -0.5149456837387266 -0.2973040291245462 0.8040157069766525 0.499999999999953 -0.7377253439645535 -0.4536092116265147 -0.3888888888888378 0.8018753738745052 -0.453609211626514 -0.3333333333333932 -0.9408671053460356 0.06048122821686829 -0.9814814814814697 0.181758418078278 0.06048122821686873 0.5000000000000184 0.2886751345947807 0.8164965809277261 0.4999999999999572 -0.6735753140545954 0.5443310539518171 -0.3333333333332842 0.7698003589195219 0.5443310539518179 1 -6.364928115815127e-14 4.20357352336726e-26 0.5000000000000551 0.8660254037844068 3.3745882058464e-16 0 0 0 
3.066641434662774
1.508501435827736
1.508501435832034
3.066641434662209
Compared the following, no match
-0.5989554577842904 -0.3650414784888131 0.7127391378144063 -0.3333333333309479 -0.9408671053471138 -0.0604812282224293 -0.9736842105261381 0.2279014220460344 -1.008822958213786e-12 0.499999999998606 0.2886751345909767 0.8164965809296535 0.5000000000010996 -0.7377253439665888 0.453609211623437 -0.3333333333351041 0.769800358915495 0.5443310539545979 -0.333333333333154 0.7698003589208032 -0.5443310539490368 0.5000000000015311 0.2886751345989391 -0.8164965809257986 0.500000000002772 -0.6735753140517643 -0.5443310539545819 1.000000000000587 1.043008651064726e-12 1.415577488528269e-12 0.4999999999990315 0.8660254037845836 4.742545908501596e-12 5.870589187691777e-13 -7.531367961744126e-13 -3.757577546429742e-13 
-0.5783930935755653 -0.2771909983054451 -0.7672200334719756 -0.3333333333322699 -0.9408671053463968 -0.06048122821754098 -0.9736842105255695 0.2279014220479464 8.025474997353261e-13 0.5000000000005789 0.2886751345934951 0.8164965809288851 0.5000000000009147 -0.7377253439653448 0.4536092116262738 -0.3333333333328299 0.7698003589183363 0.5443310539534778 -0.3333333333326278 0.7698003589198208 -0.544331053950157 0.500000000000882 0.2886751345957219 -0.816496580926567 0.5000000000010834 -0.6735753140540256 -0.5443310539519706 1.000000000000806 -7.362734778983935e-14 8.582458642327187e-13 0.5000000000005793 0.8660254037842342 1.946302739928054e-12 8.059005094174538e-13 -3.352323458288722e-13 6.725692185097896e-13 
1.482706871355892
3.120524756820317
Compared the following, no match
-0.6229158619432278 0.6066941717719503 0.4938603151473833 -0.3333333333307624 -0.2566001196403541 0.9072184232538263 -0.9640522875825799 0.0471691396453439 -0.261492369051016 0.4999999999942064 -0.7377253439659968 -0.4536092116305018 -0.2894736842160733 -0.3190619908642006 -0.9024435894459808 -0.3333333333316702 0.7698003589225896 -0.5443310539484679 0.5000000000045082 0.8660254037818358 1.110223024625157e-16 0.4999999999979866 0.2886751345942402 -0.8164965809291613 0.4999999999988377 -0.6735753140585196 0.5443310539479895 0.5000000000050188 0.28867513459018 0.8164965809262907 1 -5.205588779797451e-12 -4.306218520342748e-12 0 0 0 
-0.5873133352937169 -0.8020558920795431 -0.1084868294644954 -0.3333333333263385 -0.256600119644904 -0.9072184232545381 -0.964052287582906 0.04716913963805845 0.261492369048452 0.4999999999991055 -0.7377253439624535 0.4536092116323605 -0.2894736842151712 -0.3190619908656449 0.9024435894454615 -0.3333333333378155 0.7698003589202775 0.5443310539461739 0.499999999998865 0.8660254037846797 -6.140007809840338e-13 0.4999999999947053 0.2886751345983429 0.8164965809294377 0.500000000005465 -0.6735753140565149 -0.5443310539462297 0.5000000000053209 0.2886751345917651 -0.8164965809260143 1.000000000000587 1.235406625940182e-12 6.124738496357e-12 5.870589187691822e-13 -7.531367961744163e-13 -3.757577546429656e-13 
4.206985520640352
1.460943874956459
Compared the following, no match
-0.6324106135824681 0.6009785850329602 0.4887551085769103 -0.9684378755713885 0.01522010700418185 -0.248789930466563 -0.2894736842135844 -0.3190619908658085 -0.9024435894462106 0.4999999999963947 -0.7377253439657572 -0.4536092116284793 0.4999999999993013 0.2886751345940223 -0.8164965809284335 -0.3856363202989673 0.7999975025265674 -0.4596614236778273 -0.3333333333323272 -0.2566001196397512 0.9072184232534219 0.5000000000031023 0.8660254037826476 -4.589168781005754e-17 0.4999999999987423 -0.6735753140570214 0.5443310539499311 0.5000000000027669 0.2886751345920214 0.8164965809270186 1 -3.58222947605185e-12 -2.122141262124262e-12 0 0 0 
-0.9806607758043524 0.01522063674802458 -0.1951224615870514 -0.6118649302510688 0.5620689001666712 0.5565068360714747 -0.2894736842078467 -0.319061990869947 0.902443589446588 0.5000000000038078 -0.7377253439627737 0.4536092116251604 0.4999999999999635 0.2886751345962546 0.8164965809272386 -0.4194559379509846 0.8195232678750091 -0.3904335148640877 -0.3333333333335663 -0.2566001196404884 -0.9072184232527583 0.4999999999963087 0.8660254037865699 1.110223024625157e-16 0.5000000000020751 -0.6735753140519725 -0.5443310539531172 0.4999999999975755 0.2886751345976335 -0.8164965809282134 1 4.262455948103117e-12 -1.462306727569343e-12 0 0 0 
3.988038357446235
1.340027861405393
Compared the following, no match
-0.9763949262276623 0.08690571760500498 -0.1977380698886994 -0.3881242690983367 -0.4443597953223514 -0.8074056750102642 -0.6038365754893418 -0.7900541418384579 0.1058104109509258 0.5000000000042449 0.2886751345895665 -0.8164965809274505 0.500000000000185 -0.7377253439683734 -0.4536092116222943 -0.3333333333287427 0.7698003589175594 -0.5443310539563255 -0.3333333333366367 -0.2566001196361968 0.9072184232524654 0.5000000000029344 0.8660254037823303 -1.943272204745489e-12 0.4999999999968445 -0.6735753140545798 0.5443310539557911 0.4999999999984941 0.2886751345958423 0.8164965809280016 1.000000000000587 -3.463538570865622e-12 3.145774131393604e-12 5.870589187691794e-13 -7.531367961744114e-13 -3.757577546429721e-13 
-0.6167928936552003 -0.1621969855226419 -0.77023286363535 -0.4284136989624145 -0.8959207066038163 -0.1174214206216016 -0.9810479674374772 -0.1098820229406275 0.1595958226902067 0.5000000000030758 0.2886751345905575 -0.816496580927816 0.500000000000387 -0.737725343967612 -0.4536092116233097 -0.3333333333300698 0.7698003589175878 -0.5443310539554728 -0.3333333333353984 -0.2566001196370873 0.9072184232526684 0.5000000000021131 0.8660254037828043 -1.943327715896716e-12 0.4999999999980802 -0.6735753140544504 0.5443310539548162 0.4999999999991159 0.2886751345957996 0.8164965809276361 1.000000000000587 -2.51533325127623e-12 2.049085933347726e-12 5.87058918769181e-13 -7.53136796174408e-13 -3.757577546429686e-13 
1.344819783286012
3.831900600722945
Compared the following, no match
0.4999999999999998 -0.8295152645949376 0.2488060003375941 -0.497502821279795 -0.8484208506612999 0.1807567508609308 0.5 -0.5110816349164663 -0.6991391581445799 0.2385583209188267 0.439618558389716 -0.8659246218001529 -0.7188433625130283 -0.3012844511817374 -0.6264917394883049 0.5 0.2886751345948128 0.8164965809277261 1 -1.893378729761904e-16 1.16202946097657e-16 -0.9579233740243912 0.03312558703990228 0.2851061293290415 0.5000000000000002 0.8660254037844385 -5.551115123125764e-17 -0.6203416697451514 0.6696482745667431 -0.4083471576337729 -0.3333333333333333 0.7698003589195009 0.5443310539518174 3.304173560839352e-32 -1.496026269613548e-31 -1.272558210753866e-31 
0.4999999999999999 -0.7846745257991826 0.3664503903147437 0.03793430506546539 -0.854768718615377 -0.517620929035744 0.5 0.0839345660136222 0.8619483677275019 -0.2439646452284663 0.7182033227850324 0.6516634399896062 -0.7284388503526209 -0.6777861315043989 0.09991396917975834 0.5 0.2886751345948129 -0.816496580927726 1 -6.108738742247146e-17 -1.096316499334627e-17 -0.6414588421370313 -0.1589339738938747 -0.7505135213882028 0.5 0.8660254037844387 -5.551115123125795e-17 -0.9511994333919002 0.2969553150165279 0.08388789423011432 -0.3333333333333334 0.769800358919501 -0.5443310539518174 -2.012331600359116e-31 -6.017252138356417e-32 -2.194567078973874e-31 
3.523696229788121
1.626059601633951
Compared the following, no match
0.268474763915362 0.1550039772134615 0.9507339628879361 0.5000000000004665 -0.7071067811884194 0.4999999999968863 -0.3623724356984014 0.7865660924818466 0.5000000000038469 1.362372435695164 0.7865660924911972 -0.4999999999927434 0.5000000000024435 -0.7071067811826179 -0.5000000000031138 -0.3623724356964246 0.7865660924876482 -0.4999999999961531 1.976889916087121e-12 5.801488704718665e-12 -1 1.000000000001977 7.859222677784917e-12 -0.999999999998023 0.5000000000001948 0.8660254037912691 -0.9999999999939873 1 2.057639550345328e-12 1.977004950000266e-12 0.499999999998218 0.8660254037854676 6.012805168363562e-12 0 0 0 
-1.201932759503839e-12 -2.860341823647979e-12 0.9999999999996243 0.5000000000009616 -0.707106781187457 0.4999999999990288 -0.3623724356975159 0.7865660924830349 0.5000000000006335 1.362372435695864 0.7865660924882413 -0.499999999996277 0.5000000000027528 -0.7071067811853484 -0.5000000000009711 -0.3623724356957246 0.7865660924851432 -0.4999999999993665 2.378366378562839e-12 1.35518617858335e-12 -1.000000000000376 1.000000000002378 3.151331347300277e-12 -0.9999999999985845 0.5000000000008228 0.8660254037866919 -0.9999999999976542 1.000000000000587 1.043064162205811e-12 1.415577488528271e-12 0.4999999999990315 0.8660254037845836 2.345790621048881e-12 5.870589187691837e-13 -7.531367961744088e-13 -3.757577546429649e-13 
0.313898190860704
4.57181232398143
4.571812323988609
0.3138981908675609
Compared the following, no match
-0.492809783121573 -0.5951539495831456 -0.6347679055806547 -0.3670857272630553 -0.874442315199112 0.3171729910143213 0.5 -0.6735753140545634 -0.5443310539518175 -0.9836277182757174 0.1188475185591539 -0.1354687387260894 0.5 0.2886751345948129 -0.816496580927726 0.5 -0.5345493710769088 0.6813640509164548 1 1.774294156359034e-17 -5.259920090353651e-17 -0.619636225203803 -0.02715303803869126 0.7844193144871252 0.2705404057616274 0.4211536930964796 0.8657005577227789 -0.449994743567332 0.8371548555221415 0.3109284140079089 0.5 0.8660254037844387 -5.551115123125783e-17 0 0 0 
-0.4415621261272298 -0.8579858455712995 -0.2624560488325867 -0.3478082643348339 -0.6191321783503858 0.7040630348145668 0.499999999998445 -0.6735753140551543 -0.5443310539529972 -0.7992112513492508 0.01237462173867977 -0.6009228273676118 0.5000000000003005 0.2886751345946785 -0.8164965809272919 0.5000000000017856 -0.1118964217102343 0.8587660862008327 1.000000000000806 -2.672297091517663e-12 -7.726832629136833e-13 -0.9122954084638506 0.1418138201994428 0.3841951692761993 -0.1327686576526022 0.654004289425996 0.7447488656976078 -0.4856744550397348 0.8577545465479058 -0.1684561117818777 0.50000000000283 0.8660254037829348 1.402445797256258e-12 8.059005094174517e-13 -3.352323458288699e-13 6.725692185097932e-13 
1.278692552941085
3.645213576218718
Bank is size 11980
Aux banks are 604970
Elapsed time: 6199 seconds.
