./build/enumerate_clusters d
Holder is                     
1
-2.482534153247248e-17
 1.241267076623655e-17
    0.4999999999999999
    0.8660254037844387
-5.551115123125772e-17
    0.4999999999999999
   -0.6454972243679029
    0.5773502691896257
   -0.3090169943749476
    0.7557613140761708
    0.5773502691896256
   -0.3090169943749475
   -0.1784110448865449
    0.9341723589627157
-5.593863523472727e-31
-9.908909563872328e-32
-1.949041103719883e-31
    0.5527864045000419
    0.3191513794424646
    0.8355491589367868


0123456
                     1
-2.482534153247248e-17
 1.241267076623655e-17
    0.4999999999999999
    0.8660254037844387
-5.551115123125772e-17
    0.4999999999999999
   -0.6454972243679029
    0.5773502691896257
   -0.3090169943749476
    0.7557613140761708
    0.5773502691896256
   -0.3090169943749475
   -0.1784110448865449
    0.9341723589627157
-5.593863523472727e-31
-9.908909563872328e-32
-1.949041103719883e-31
    0.5527864045000419
    0.3191513794424646
    0.8355491589367868
1
1032456
    0.4999999999999999
    0.8660254037844387
-5.551115123125772e-17
                     1
-2.482534153247248e-17
 1.241267076623655e-17
   -0.3090169943749476
    0.7557613140761708
    0.5773502691896256
    0.4999999999999999
   -0.6454972243679029
    0.5773502691896257
   -0.3090169943749475
   -0.1784110448865449
    0.9341723589627157
-5.593863523472727e-31
-9.908909563872328e-32
-1.949041103719883e-31
    0.5527864045000419
    0.3191513794424646
    0.8355491589367868
1
2041356
    0.4999999999999999
   -0.6454972243679029
    0.5773502691896257
                     1
-2.482534153247248e-17
 1.241267076623655e-17
   -0.3090169943749475
   -0.1784110448865449
    0.9341723589627157
    0.4999999999999999
    0.8660254037844387
-5.551115123125772e-17
   -0.3090169943749476
    0.7557613140761708
    0.5773502691896256
-5.593863523472727e-31
-9.908909563872328e-32
-1.949041103719883e-31
    0.5527864045000419
    0.3191513794424646
    0.8355491589367868
1
3140256
   -0.3090169943749476
    0.7557613140761708
    0.5773502691896256
    0.4999999999999999
    0.8660254037844387
-5.551115123125772e-17
   -0.3090169943749475
   -0.1784110448865449
    0.9341723589627157
                     1
-2.482534153247248e-17
 1.241267076623655e-17
    0.4999999999999999
   -0.6454972243679029
    0.5773502691896257
-5.593863523472727e-31
-9.908909563872328e-32
-1.949041103719883e-31
    0.5527864045000419
    0.3191513794424646
    0.8355491589367868
1
4230156
   -0.3090169943749475
   -0.1784110448865449
    0.9341723589627157
    0.4999999999999999
   -0.6454972243679029
    0.5773502691896257
   -0.3090169943749476
    0.7557613140761708
    0.5773502691896256
                     1
-2.482534153247248e-17
 1.241267076623655e-17
    0.4999999999999999
    0.8660254037844387
-5.551115123125772e-17
-5.593863523472727e-31
-9.908909563872328e-32
-1.949041103719883e-31
    0.5527864045000419
    0.3191513794424646
    0.8355491589367868
1
0214356
                     1
-2.482534153247248e-17
 1.241267076623655e-17
    0.4999999999999999
   -0.6454972243679029
    0.5773502691896257
    0.4999999999999999
    0.8660254037844387
-5.551115123125772e-17
   -0.3090169943749475
   -0.1784110448865449
    0.9341723589627157
   -0.3090169943749476
    0.7557613140761708
    0.5773502691896256
-5.593863523472727e-31
-9.908909563872328e-32
-1.949041103719883e-31
    0.5527864045000419
    0.3191513794424646
    0.8355491589367868
1
1304256
    0.4999999999999999
    0.8660254037844387
-5.551115123125772e-17
   -0.3090169943749476
    0.7557613140761708
    0.5773502691896256
                     1
-2.482534153247248e-17
 1.241267076623655e-17
   -0.3090169943749475
   -0.1784110448865449
    0.9341723589627157
    0.4999999999999999
   -0.6454972243679029
    0.5773502691896257
-5.593863523472727e-31
-9.908909563872328e-32
-1.949041103719883e-31
    0.5527864045000419
    0.3191513794424646
    0.8355491589367868
1
2403156
    0.4999999999999999
   -0.6454972243679029
    0.5773502691896257
   -0.3090169943749475
   -0.1784110448865449
    0.9341723589627157
                     1
-2.482534153247248e-17
 1.241267076623655e-17
   -0.3090169943749476
    0.7557613140761708
    0.5773502691896256
    0.4999999999999999
    0.8660254037844387
-5.551115123125772e-17
-5.593863523472727e-31
-9.908909563872328e-32
-1.949041103719883e-31
    0.5527864045000419
    0.3191513794424646
    0.8355491589367868
1
3412056
   -0.3090169943749476
    0.7557613140761708
    0.5773502691896256
   -0.3090169943749475
   -0.1784110448865449
    0.9341723589627157
    0.4999999999999999
    0.8660254037844387
-5.551115123125772e-17
    0.4999999999999999
   -0.6454972243679029
    0.5773502691896257
                     1
-2.482534153247248e-17
 1.241267076623655e-17
-5.593863523472727e-31
-9.908909563872328e-32
-1.949041103719883e-31
    0.5527864045000419
    0.3191513794424646
    0.8355491589367868
1
4321056
   -0.3090169943749475
   -0.1784110448865449
    0.9341723589627157
   -0.3090169943749476
    0.7557613140761708
    0.5773502691896256
    0.4999999999999999
   -0.6454972243679029
    0.5773502691896257
    0.4999999999999999
    0.8660254037844387
-5.551115123125772e-17
                     1
-2.482534153247248e-17
 1.241267076623655e-17
-5.593863523472727e-31
-9.908909563872328e-32
-1.949041103719883e-31
    0.5527864045000419
    0.3191513794424646
    0.8355491589367868
1
0123465
                     1
-2.482534153247248e-17
 1.241267076623655e-17
    0.4999999999999999
    0.8660254037844387
-5.551115123125772e-17
    0.4999999999999999
   -0.6454972243679029
    0.5773502691896257
   -0.3090169943749476
    0.7557613140761708
    0.5773502691896256
   -0.3090169943749475
   -0.1784110448865449
    0.9341723589627157
    0.5527864045000419
    0.3191513794424646
    0.8355491589367868
-5.593863523472727e-31
-9.908909563872328e-32
-1.949041103719883e-31
1
1032465
    0.4999999999999999
    0.8660254037844387
-5.551115123125772e-17
                     1
-2.482534153247248e-17
 1.241267076623655e-17
   -0.3090169943749476
    0.7557613140761708
    0.5773502691896256
    0.4999999999999999
   -0.6454972243679029
    0.5773502691896257
   -0.3090169943749475
   -0.1784110448865449
    0.9341723589627157
    0.5527864045000419
    0.3191513794424646
    0.8355491589367868
-5.593863523472727e-31
-9.908909563872328e-32
-1.949041103719883e-31
1
2041365
    0.4999999999999999
   -0.6454972243679029
    0.5773502691896257
                     1
-2.482534153247248e-17
 1.241267076623655e-17
   -0.3090169943749475
   -0.1784110448865449
    0.9341723589627157
    0.4999999999999999
    0.8660254037844387
-5.551115123125772e-17
   -0.3090169943749476
    0.7557613140761708
    0.5773502691896256
    0.5527864045000419
    0.3191513794424646
    0.8355491589367868
-5.593863523472727e-31
-9.908909563872328e-32
-1.949041103719883e-31
1
3140265
   -0.3090169943749476
    0.7557613140761708
    0.5773502691896256
    0.4999999999999999
    0.8660254037844387
-5.551115123125772e-17
   -0.3090169943749475
   -0.1784110448865449
    0.9341723589627157
                     1
-2.482534153247248e-17
 1.241267076623655e-17
    0.4999999999999999
   -0.6454972243679029
    0.5773502691896257
    0.5527864045000419
    0.3191513794424646
    0.8355491589367868
-5.593863523472727e-31
-9.908909563872328e-32
-1.949041103719883e-31
1
4230165
   -0.3090169943749475
   -0.1784110448865449
    0.9341723589627157
    0.4999999999999999
   -0.6454972243679029
    0.5773502691896257
   -0.3090169943749476
    0.7557613140761708
    0.5773502691896256
                     1
-2.482534153247248e-17
 1.241267076623655e-17
    0.4999999999999999
    0.8660254037844387
-5.551115123125772e-17
    0.5527864045000419
    0.3191513794424646
    0.8355491589367868
-5.593863523472727e-31
-9.908909563872328e-32
-1.949041103719883e-31
1
0214365
                     1
-2.482534153247248e-17
 1.241267076623655e-17
    0.4999999999999999
   -0.6454972243679029
    0.5773502691896257
    0.4999999999999999
    0.8660254037844387
-5.551115123125772e-17
   -0.3090169943749475
   -0.1784110448865449
    0.9341723589627157
   -0.3090169943749476
    0.7557613140761708
    0.5773502691896256
    0.5527864045000419
    0.3191513794424646
    0.8355491589367868
-5.593863523472727e-31
-9.908909563872328e-32
-1.949041103719883e-31
1
1304265
    0.4999999999999999
    0.8660254037844387
-5.551115123125772e-17
   -0.3090169943749476
    0.7557613140761708
    0.5773502691896256
                     1
-2.482534153247248e-17
 1.241267076623655e-17
   -0.3090169943749475
   -0.1784110448865449
    0.9341723589627157
    0.4999999999999999
   -0.6454972243679029
    0.5773502691896257
    0.5527864045000419
    0.3191513794424646
    0.8355491589367868
-5.593863523472727e-31
-9.908909563872328e-32
-1.949041103719883e-31
1
2403165
    0.4999999999999999
   -0.6454972243679029
    0.5773502691896257
   -0.3090169943749475
   -0.1784110448865449
    0.9341723589627157
                     1
-2.482534153247248e-17
 1.241267076623655e-17
   -0.3090169943749476
    0.7557613140761708
    0.5773502691896256
    0.4999999999999999
    0.8660254037844387
-5.551115123125772e-17
    0.5527864045000419
    0.3191513794424646
    0.8355491589367868
-5.593863523472727e-31
-9.908909563872328e-32
-1.949041103719883e-31
1
3412065
   -0.3090169943749476
    0.7557613140761708
    0.5773502691896256
   -0.3090169943749475
   -0.1784110448865449
    0.9341723589627157
    0.4999999999999999
    0.8660254037844387
-5.551115123125772e-17
    0.4999999999999999
   -0.6454972243679029
    0.5773502691896257
                     1
-2.482534153247248e-17
 1.241267076623655e-17
    0.5527864045000419
    0.3191513794424646
    0.8355491589367868
-5.593863523472727e-31
-9.908909563872328e-32
-1.949041103719883e-31
1
4321065
   -0.3090169943749475
   -0.1784110448865449
    0.9341723589627157
   -0.3090169943749476
    0.7557613140761708
    0.5773502691896256
    0.4999999999999999
   -0.6454972243679029
    0.5773502691896257
    0.4999999999999999
    0.8660254037844387
-5.551115123125772e-17
                     1
-2.482534153247248e-17
 1.241267076623655e-17
    0.5527864045000419
    0.3191513794424646
    0.8355491589367868
-5.593863523472727e-31
-9.908909563872328e-32
-1.949041103719883e-31
1
