./build/enumerate_clusters r
Compared the following, no match
0.2368839186411269 -0.6695099568657076 -0.7040187687461907 -0.2111310329156357 -0.4750885360325661 0.8542333228517897 -0.4613706714117631 -0.8869349812533375 -0.02198732794590836 0.5 0.288675134594813 -0.816496580927726 -0.3090169943749473 0.7557613140761706 0.5773502691896258 0.5000000000000001 1.222847493557528 0.9341723589627159 1.309016994374947 0.7557613140761706 0.5773502691896258 0.5 -0.8299627580940729 0.2473091591043069 1 -3.189165992696495e-31 -4.150276609557344e-31 0.5 0.8660254037844387 8.326672684688625e-17 0.5 0.2277226448995092 0.8355491589367869 2.732413108599391e-31 2.303893695973231e-31 -1.376558427750777e-31 
-0.211131032915458 -0.4108484039832075 -0.8869201068209273 0.2368839186427247 -0.7195688379137801 0.6527684862136204 -0.4613706714107088 -0.8861438247896967 -0.04343069592939237 0.500000000000013 0.2886751345952179 -0.8164965809272773 -0.3090169943738899 0.7557613140753262 0.5773502691910996 0.5000000000012129 1.222847493556692 0.9341723589638272 1.309016994376005 0.7557613140758475 0.5773502691897123 0.5000000000008029 -0.8094820380554496 -0.3077967349822406 1.000000000000806 -1.316648159927211e-14 -1.84680269127334e-13 0.500000000000527 0.8660254037842644 8.582805516068247e-13 0.500000000001449 0.2277226448987424 0.8355491589371924 8.059005094174554e-13 -3.352323458288686e-13 6.725692185097937e-13 
0.9545546856826638
4.117672331032267
Compared the following, no match
-0.6187030448237177 -0.1619731194581835 -0.7687465452922997 1.333333333333033 0.7698003589217468 -0.544331053949378 -0.333333333333634 0.7698003589204394 -0.5443310539503062 -0.9814814814814903 -0.1033528259671694 0.1612832752442086 -0.3888888888882603 -0.9087920903917158 0.1512030705399519 0.5000000000002284 0.2886751345970048 -0.8164965809268113 -0.3333333333336373 -0.2566001196420947 0.9072184232522778 0.5000000000002252 -0.673575314055371 0.5443310539506112 0.4999999999993188 0.2886751345934054 0.8164965809286409 1 7.845344294129898e-13 5.570298878281175e-13 0.4999999999993207 0.8660254037848309 2.187348905327993e-12 0 0 0 
-0.5149456837387077 0.7365919858379497 -0.4384782653657766 1.333333333333333 0.769800358919501 0.5443310539518176 -0.3333333333333335 0.7698003589195009 0.5443310539518174 -0.9814814814814815 -0.1033528259660442 -0.161283275244983 -0.3888888888888887 -0.9087920903910777 -0.1512030705421717 0.4999999999999998 0.2886751345948129 0.8164965809277261 -0.3333333333333333 -0.2566001196398335 -0.907218423253029 0.5000000000000001 -0.6735753140545633 -0.5443310539518175 0.5 0.2886751345948131 -0.816496580927726 1 1.596177019078883e-16 4.857225732735081e-18 0.4999999999999999 0.8660254037844387 1.14384196557179e-16 0 0 0 
3.647441649657094
1.508501435830806
Compared the following, no match
0.3804345300903381 -0.6848186186593542 -0.6215247604500063 1.333333333333333 0.7698003589195008 -0.5443310539518172 -0.9814814814814815 -0.1033528259660441 0.1612832752449831 -0.5802469135802472 -0.4181631579315809 -0.6988941927282591 0.5 0.8660254037844386 -5.551115123125783e-17 0.5 0.288675134594813 -0.816496580927726 0.5 -0.6735753140545633 0.5443310539518175 0.5 0.2886751345948129 0.816496580927726 -0.3333333333333333 -0.2566001196398336 0.9072184232530289 -0.388888888888889 -0.9087920903910776 0.1512030705421716 1 -1.436476364142746e-17 3.010138255756877e-17 0 0 0 
-0.449624358597168 0.5731725287589773 0.6850629083742736 1.333333333331145 0.7698003589206369 0.5443310539555691 -0.9814814814800469 -0.1033528259672391 -0.1612832752502329 -0.5802469135835063 -0.4181631579294477 0.6988941927264168 0.5000000000007612 0.8660254037835849 -1.115907651375446e-12 0.4999999999962493 0.2886751345971949 0.8164965809288981 0.5000000000033821 -0.6735753140575742 -0.5443310539468319 0.5000000000050409 0.2886751345907235 -0.816496580926554 -0.3333333333279137 -0.256600119644115 -0.9072184232541823 -0.3888888888876705 -0.9087920903923518 -0.1512030705410395 1.000000000000587 -9.541936870629733e-13 5.007925169326675e-12 5.870589187691787e-13 -7.531367961744097e-13 -3.757577546429698e-13 
4.138104230180162
1.508501435834144
Compared the following, no match
-0.6123650057359615 -0.2113309318662735 -0.761805970694985 0.4999999999943027 -0.2886751345933142 -0.8164965809317448 -0.9814814814810754 -0.1033528259623815 0.1612832752498016 -0.3888888888921491 -0.9087920903900263 0.1512030705401048 0.9999999999981866 0.5773502691888822 -0.8164965809304729 0.5000000000038838 0.8660254037821964 1.271757192468813e-12 -1.813499339567133e-12 0.5773502691933667 -0.8164965809250808 0.4999999999999144 -0.6735753140592995 0.5443310539460353 -0.3333333333295923 -0.2566001196424952 0.9072184232536507 0.5000000000056973 0.2886751345888297 0.8164965809263526 1 -4.484589539312143e-12 -5.39222303494847e-12 0 0 0 
-0.601375452285924 0.7974957089878341 0.04845781189748682 0.4999999999968042 -0.2886751345913944 0.8164965809308917 -0.9814814814805798 -0.1033528259682075 -0.1612832752490837 -0.3888888888866749 -0.9087920903922101 -0.1512030705410588 0.9999999999953441 0.5773502691938873 0.8164965809304151 0.4999999999985399 0.8660254037852817 -4.765970749845962e-13 -4.655936238162187e-12 0.5773502691922013 0.8164965809259049 0.5000000000035907 -0.6735753140554375 -0.5443310539474374 -0.3333333333288089 -0.2566001196432573 -0.9072184232537229 0.500000000003196 0.2886751345930804 -0.8164965809263814 1 1.685967813903385e-12 4.510328575040408e-12 0 0 0 
4.12479222924483
1.235604126426338
Compared the following, no match
0.4999999999994052 -0.673575314053801 0.5443310539533072 -0.6187030448254847 -0.1619731194589404 0.7687465452907182 -0.3888888888882071 -0.9087920903914073 -0.1512030705419439 -0.3333333333346084 0.7698003589198706 0.5443310539505137 -0.9814814814811625 -0.1033528259666628 -0.1612832752465277 0.4999999999995919 0.8660254037846742 0 0.5000000000012323 0.2886751345942585 -0.8164965809271674 0.5000000000012297 -0.6735753140548544 -0.5443310539503278 -0.3333333333316921 -0.2566001196408684 -0.9072184232533393 0.4999999999984956 0.2886751345958386 0.8164965809282847 1 4.712232940249663e-13 1.675882044600751e-12 0 0 0 
0.5000000000001096 -0.6735753140547036 0.5443310539515431 -0.5149456837387794 0.7365919858380726 -0.4384782653654862 -0.3888888888890142 -0.9087920903910169 -0.1512030705422134 -0.3333333333330986 0.769800358919433 0.5443310539520574 -0.9814814814815402 -0.1033528259659304 -0.1612832752446983 0.5000000000000751 0.8660254037843953 -5.551115123125772e-17 0.499999999999773 0.288675134594915 -0.816496580927829 0.4999999999997736 -0.6735753140545098 -0.5443310539520917 -0.3333333333336356 -0.2566001196396431 -0.9072184232529718 0.5000000000002771 0.2886751345946241 0.8164965809276231 1 -8.669187866541249e-14 -3.086689680248882e-13 -3.455981603281945e-32 2.284724674495502e-31 1.025678066007727e-31 
1.508501435829949
3.647441649659311
Compared the following, no match
0.4999999999993681 0.2886751345984339 0.8164965809268329 -0.4782398493253068 0.08923493404755925 0.8736840235822305 -0.6149073391490635 -0.2092465220714677 -0.7603320703887304 -0.001643964792499843 -0.7607133307023818 0.6490859156317058 0.9999999999976853 0.5773502691911085 -0.8164965809295125 1 3.402484226075301e-12 -4.2903798485769e-13 -2.314649600078165e-12 0.5773502691877059 -0.8164965809290836 0.4999999999970534 0.8660254037861399 -2.250769554571037e-12 0.5000000000006319 -0.2886751345950314 -0.8164965809272619 -0.08364445868675385 -0.9398022043737979 -0.3313237407508708 -0.8411824972255912 -0.5151375747869761 0.1644545086153338 0 0 0 
0.500000000000542 0.2886751345929982 -0.8164965809285047 -0.1140738381593183 -0.4994385679934193 -0.8588063089250965 -0.8617204124786189 0.3590926074141532 0.3584556179171441 -0.02851727729289641 -0.9995891069021795 0.00289521325180379 0.9999999999996182 0.5773502691916901 0.8164965809265445 1.000000000000587 4.175559137316555e-13 -1.71450032744615e-14 -3.817548839985976e-13 0.5773502691905195 0.8164965809261857 0.4999999999995732 0.8660254037842707 -1.943216693594258e-12 0.500000000000632 -0.2886751345933338 0.8164965809281118 -0.4771052218844766 -0.4844704016576359 0.7332523693571481 -0.8582513127733833 -0.4762743475736501 -0.1912261226033505 5.87058918769179e-13 -7.531367961744115e-13 -3.75757754642968e-13 
4.228719913148843
1.426138887925205
Compared the following, no match
1.1377882909521 -0.6157384347030052 0.775809620271618 0.5 0.1506128221185578 0.8528281056657804 0.4999999999999998 0.2886751345948131 -0.816496580927726 -0.6522633744855965 -0.7567327602341393 0.04368088704551588 1 8.948466172362506e-17 -9.556815275631726e-17 0.1598079561042527 -0.7622765899794444 0.6272127370638221 -0.3888888888888889 0.80187537387448 0.4536092116265149 -0.3333333333333335 0.769800358919501 -0.5443310539518171 -0.9814814814814815 0.1817584180782153 -0.06048122821686844 0.4999999999999998 0.8660254037844387 1.110223024625157e-16 -0.5802469135802468 -0.1140444976177043 0.8064163762249146 0 0 0 
1.137788290952099 -0.8798701683949814 -0.4547998171119758 0.5 -0.8078566235319405 0.3120379397053703 0.5000000000000001 0.2886751345948128 0.816496580927726 -0.6522633744855967 -0.756732760234139 -0.04368088704551625 1 -3.499957770312742e-17 -1.062712294043865e-16 0.1598079561042522 -0.762276589979444 -0.6272127370638226 -0.3888888888888889 0.8018753738744804 -0.4536092116265143 -0.3333333333333333 0.7698003589195009 0.5443310539518175 -0.9814814814814815 0.1817584180782155 0.06048122821686881 0.5 0.8660254037844387 -2.775557561562878e-17 -0.580246913580247 -0.1140444976177036 -0.8064163762249146 3.784512526031681e-31 4.243184779349653e-31 -1.669059038054588e-31 
3.415736628351401
1.564733027826766
1.564733027826767
3.415736628351401
Compared the following, no match
-0.5818820151841543 0.6291895375832857 -0.5152997634396496 0.5000000000120958 -0.6454972243645157 0.5773502691829375 0.5000000000038325 -0.6735753140462131 -0.54433105395863 -0.3333333333372372 -0.2566001196397806 -0.9072184232516096 -0.96875986667282 0.08849210897856709 0.2316753490826881 0.4999999999897085 0.8660254037903804 -1.117161918529064e-16 -0.3090169943795036 0.7557613140699438 0.5773502691953383 -0.3090169943656675 -0.1784110448943507 0.9341723589642946 0.4999999999903116 0.2886751346043675 -0.8164965809302809 0.5527864045026533 0.3191513794453365 0.8355491589339623 1 1.188351235056932e-11 -7.664261770999733e-12 0 0 0 
-0.6126630386108309 -0.7834124400847847 -0.1044459182569961 0.5000000000006206 -0.6454972243640247 0.5773502691934244 0.5000000000052189 -0.6735753140538224 -0.5443310539479403 -0.3333333333285554 -0.25660011964388 -0.90721842325364 -0.968759866674868 0.08849210898736734 0.2316753490707627 0.4999999999960797 0.866025403786702 -4.290372931486965e-13 -0.3090169943806699 0.7557613140763867 0.5773502691862803 -0.3090169943778636 -0.1784110448853311 0.9341723589619829 0.500000000001948 0.2886751345947927 -0.8164965809265403 0.5527864044952667 0.3191513794473038 0.8355491589380979 1 4.526694255202566e-12 3.986275075932628e-12 0 0 0 
1.471459377902193
4.323095136549485
Compared the following, no match
-0.4496243585941821 -0.4548259944869061 0.7687465452915981 1.333333333333333 0.769800358919501 -0.5443310539518174 0.5 -0.6735753140545633 0.5443310539518176 0.5 0.288675134594813 0.816496580927726 -0.5802469135802468 -0.798311483323927 -0.1612832752449831 -0.9814814814814815 0.1176083881682571 -0.1512030705421716 -0.3888888888888888 -0.160375074774896 -0.9072184232530289 -0.3333333333333334 0.769800358919501 -0.5443310539518174 1 1.357440274583551e-17 1.984446578177985e-17 0.5 0.8660254037844387 -3.810633910618073e-18 0.5 0.288675134594813 -0.816496580927726 0 0 0 
0.3804345300903383 -0.8142520366058431 0.4384782653657763 1.333333333333333 0.7698003589195009 0.5443310539518172 0.5 -0.6735753140545633 -0.5443310539518176 0.5 0.288675134594813 -0.816496580927726 -0.5802469135802469 -0.798311483323927 0.161283275244983 -0.9814814814814815 0.1176083881682571 0.1512030705421714 -0.3888888888888889 -0.160375074774896 0.9072184232530289 -0.3333333333333334 0.769800358919501 0.5443310539518174 1 5.961965851612679e-18 -6.874921287645364e-18 0.5 0.8660254037844387 1.258239781444179e-18 0.5 0.288675134594813 0.816496580927726 0 0 0 
3.647441649659509
1.508501435831003
Compared the following, no match
-0.2894736842105264 0.7444779786923434 -0.6016290596303896 0.4999999999999999 0.2886751345941916 0.8164965809279457 -0.4026887694360688 -0.9057879526166914 -0.1318709212242302 -0.5146171346044153 -0.2019017294718457 -0.8333096041735141 0.5000000000000001 -0.8163710247967949 0.289030015521279 1.388888888888889 0.8018753738748255 -0.4536092116259042 1.333333333333333 0.7698003589190869 0.5443310539524032 0.3807630675294458 -0.6216211787862698 -0.6845484617541223 0.5925925925925927 0.342133492853756 -0.8467371950358999 1 1.110223027133105e-16 1.005748117155393e-28 0.4999999999999999 0.8660254037844387 6.589772279472333e-13 1.061789252464988e-31 4.273397805352228e-31 4.513898307157584e-33 
-0.2894736842102753 0.7444779786918042 -0.6016290596311779 0.4999999999997737 0.2886751345949144 0.8164965809278287 -0.4784340040803859 -0.8620564210050657 -0.1672113355713245 -0.9263959489518852 0.007159060301868908 -0.3764827932603699 0.5000000000000417 -0.7876912052608543 -0.3599202205415263 1.388888888889099 0.8018753738742773 -0.4536092116262292 1.333333333333233 0.7698003589194806 0.5443310539520912 -0.1611599193473791 -0.3087417964334124 -0.9373931851315197 0.5925925925928837 0.3421334928529086 -0.8467371950360386 1 -8.79753521904706e-14 3.082053167728334e-13 0.5000000000000762 0.8660254037843947 -1.114532211657983e-16 0 0 0 
1.143818648183058
3.713847769615793
Compared the following, no match
-0.3961212745207103 0.6935299948375337 0.6017508472220413 -0.33333333333273 -0.2566001196386347 0.907218423254061 0.5000000000009562 -0.6735753140536119 0.5443310539539442 -0.8333333333326781 0.4811252243234042 -0.2721655269764517 -0.4999999999987399 -0.2886751345969475 -0.8164965809266954 1.000000000000807 0.5773502691882758 -0.8164965809277696 0.5000000000003529 0.8660254037843649 -7.728505594784234e-13 0.5000000000012601 -0.2886751345964243 -0.8164965809263242 0.5000000000003518 0.2886751345962769 0.8164965809280406 1.000000000000806 1.878407114837233e-13 1.043862532027372e-12 8.069834200400334e-13 0.5773502691877528 -0.8164965809281408 8.059005094174556e-13 -3.352323458288679e-13 6.725692185097932e-13 
-0.8895930111925208 -0.4460941651845445 0.09810336500204786 -0.3333333333329312 -0.2566001196384538 0.9072184232540382 0.5000000000006539 -0.673575314053748 0.5443310539540535 -0.8333333333324765 0.4811252243236762 -0.2721655269765881 -0.4999999999987406 -0.2886751345968308 -0.8164965809267363 1.000000000001109 0.5773502691878684 -0.8164965809276876 0.5000000000006556 0.8660254037841901 -7.727950483271943e-13 0.5000000000012595 -0.2886751345966571 -0.8164965809262421 0.5000000000003524 0.2886751345961601 0.8164965809280815 1.000000000000806 -1.616327662335983e-13 1.166730139853351e-12 1.109111381974127e-12 0.5773502691876947 -0.8164965809281818 8.059005094174536e-13 -3.352323458288725e-13 6.725692185097945e-13 
1.340118788520536
4.48765522117632
Compared the following, no match
0.4999999999996763 0.2886751345896814 0.8164965809298793 -0.5149456837362159 -0.2973040291235415 -0.8040157069784933 0.5000000000025832 -0.7377253439676941 0.453609211623126 -0.3888888888902206 0.8018753738690478 0.4536092116307117 -0.3333333333298132 -0.9408671053485722 -0.06048122822203558 -0.9814814814808159 0.1817584180740521 -0.06048122821650437 0.5000000000010121 0.2886751345984984 -0.8164965809255728 0.5000000000032363 -0.6735753140523474 -0.5443310539548595 -0.3333333333337672 0.7698003589195981 -0.5443310539477479 1.000000000001078 5.483286820133994e-13 1.003603935323573e-12 0.4999999999988762 0.8660254037837156 5.270564513878094e-12 1.078225176721627e-12 -1.994351698259661e-12 1.856829760540452e-13 
0.5000000000007807 0.2886751345927981 0.8164965809279603 -0.6187030448231933 -0.3572083694801725 0.699720460683998 0.5000000000010434 -0.7377253439654902 0.4536092116237893 -0.3888888888888908 0.8018753738729082 0.4536092116292917 -0.3333333333327669 -0.9408671053461087 -0.06048122821918268 -0.9814814814816774 0.1817584180777234 -0.06048122821517049 0.4999999999988273 0.2886751345975066 -0.8164965809274918 0.4999999999998062 -0.6735753140526544 -0.5443310539543575 -0.3333333333345073 0.7698003589208442 -0.5443310539491989 1 6.790007702391968e-13 -1.196159431851866e-12 0.4999999999994119 0.8660254037847782 1.898977632755981e-12 0 0 0 
1.508501435832975
3.066641434662645
3.066641434661876
1.508501435827045
Compared the following, no match
-0.6187030448227102 -0.3572083694773794 0.6997204606859821 1.333333333333564 0.7698003589186045 -0.5443310539533467 -0.3333333333326199 -0.940867105346441 -0.06048122821492508 -0.9814814814807368 0.181758418077849 -0.06048122821529592 0.5000000000012823 -0.7377253439644343 0.4536092116273495 -0.388888888887564 0.8018753738745925 0.4536092116268408 0.500000000000191 -0.6735753140554367 -0.544331053951044 -0.3333333333331024 0.7698003589186507 -0.544331053951521 1.000000000000806 -3.628807657009123e-13 -4.227662824977057e-13 0.5000000000008298 0.8660254037840897 -7.092130747185697e-13 0.4999999999999195 0.2886751345936775 -0.8164965809278791 8.059005094174544e-13 -3.352323458288722e-13 6.725692185097935e-13 
-0.5149456837371167 -0.2973040291256498 0.8040157069775558 1.333333333334358 0.7698003589192091 0.5443310539518929 -0.3333333333321726 -0.9408671053465423 0.06048122821715989 -0.9814814814806824 0.1817584180775212 0.06048122821851146 0.5000000000006546 -0.7377253439643744 -0.4536092116267937 -0.3888888888887301 0.8018753738743414 -0.4536092116249398 0.5000000000014896 -0.6735753140551236 0.5443310539515837 -0.3333333333323088 0.7698003589186723 0.5443310539533216 1.000000000000806 -1.318498531634941e-14 -1.84732605542617e-13 0.500000000000527 0.8660254037842644 8.582458642327201e-13 0.500000000001413 0.2886751345940596 0.8164965809281747 8.059005094174585e-13 -3.352323458288666e-13 6.725692185097911e-13 
2.814748338185151
1.50850143583291
1.508501435831862
2.814748338183807
Compared the following, no match
-0.8932846661085415 0.3217132812529702 0.3139157051834119 -0.3333333333358646 -0.2566001196473977 0.9072184232499595 -0.4105616754303102 0.8143881630183702 -0.4101353808237241 0.5000000000048296 -0.7377253439593682 -0.4536092116295726 1.177287406392521 -0.2062150703759494 -0.9623120701077942 1.267231192792054 0.7316362702937853 -0.6271330461637286 0.5000000000006196 -0.673575314056221 0.544331053949197 0.364686911022289 0.3667981829493987 -0.8558402595777092 0.4999999999955835 0.2886751345912976 0.8164965809316734 0.4999999999964361 0.8660254037864963 7.888026660597996e-12 1 4.115289607230229e-12 3.954024373482659e-12 0 0 0 
-0.4451388448878911 0.6818646734448702 0.5804411907159883 -0.3333333333258929 -0.256600119650761 0.907218423252672 -0.4105616754292647 0.8143881630243537 -0.4101353808128894 0.4999999999929573 -0.737725343960337 -0.4536092116410834 1.17728740637814 -0.2062150703789315 -0.9623120701247492 1.267231192789569 0.7316362702878659 -0.6271330461756573 0.5000000000024708 -0.6735753140638053 0.5443310539381114 0.3646869110138739 0.3667981829521722 -0.8558402595801062 0.5000000000086899 0.2886751345819091 0.8164965809269668 0.5000000000033225 0.8660254037825205 7.008734524712665e-12 1 -3.836444454625921e-12 -9.286540260724103e-12 0 0 0 
0.6337030351936707
4.239994337558882
Compared the following, no match
-0.6629940398252302 -0.2512038105493751 -0.7052202129276322 -0.9736842105260222 0.1772566615959561 0.1432450141965633 -0.3333333333355608 -0.9408671053453674 -0.06048122821531599 0.5000000000014816 0.2886751345919747 -0.8164965809278222 0.499999999999632 0.181758418078685 0.8467371950362769 -0.4210526315765849 0.820445119374985 -0.3867615383362202 0.5000000000021034 0.8660254037832242 -1.244372646570604e-12 -0.2894736842092932 0.7444779786937854 0.6016290596291988 0.4999999999977746 -0.7377253439648341 0.4536092116284596 0.4999999999988843 -0.6735753140568603 -0.5443310539499998 1 -2.428785366562809e-12 9.558590699391929e-13 0 0 0 
-0.4744105403273777 -0.4133121481360169 0.7772436602697231 -0.9736842105263158 0.1772566615933061 0.1432450141978465 -0.3333333333333335 -0.9408671053460568 -0.06048122821686856 0.5000000000000001 0.2886751345948128 -0.816496580927726 0.5 0.1817584180782155 0.8467371950361604 -0.4210526315789472 0.8204451193747314 -0.3867615383341861 0.5000000000000001 0.8660254037844386 2.896375897153423e-17 -0.2894736842105264 0.7444779786918859 0.6016290596309559 0.4999999999999999 -0.7377253439645218 0.4536092116265145 0.4999999999999999 -0.6735753140545635 -0.5443310539518172 1 -7.825860283303822e-17 7.075716185798958e-17 0 0 0 
1.503177296506725
3.122924808489685
Compared the following, no match
-0.5873133352992945 -0.8020558920752292 0.1084868294634276 -0.333333333334929 -0.2566001196383125 0.9072184232528729 -0.9640522875813262 0.04716913964267218 -0.2614923690561197 0.4999999999979915 -0.7377253439663626 -0.4536092116257346 -0.2894736842108001 -0.3190619908674519 -0.9024435894465227 -0.3333333333303804 0.7698003589203165 -0.5443310539524724 0.5000000000028063 0.8660254037828184 5.551115123125783e-17 0.5000000000016231 0.2886751345927956 -0.8164965809274451 0.4999999999973588 -0.673575314055919 0.544331053952566 0.5000000000002477 0.2886751345935896 0.8164965809280069 1 -3.240436679821352e-12 8.423388792371422e-13 0 0 0 
-0.6229158619478162 0.6066941717708905 0.4938603151421422 -0.3333333333332957 -0.2566001196381346 0.9072184232539947 -0.9640522875806831 0.04716913963919239 -0.2614923690554145 0.5000000000008316 -0.7377253439660123 -0.4536092116239349 -0.2894736842091938 -0.319061990870053 -0.9024435894453058 -0.3333333333318116 0.7698003589181658 -0.5443310539529974 0.5000000000011644 0.8660254037838964 -7.729060706296592e-13 0.5000000000015213 0.2886751345925638 -0.816496580927292 0.5000000000001299 -0.6735753140539678 0.5443310539542628 0.5000000000003295 0.2886751345959774 0.81649658092816 1.000000000000806 -7.49158620803703e-13 1.402294692077707e-12 8.059005094174548e-13 -3.352323458288707e-13 6.725692185097921e-13 
1.460943874950153
4.20698552064188
Compared the following, no match
-0.9806607758046521 0.01522063675316401 -0.1951224615851443 -0.6118649302472627 0.5620689001686296 0.5565068360736816 -0.2894736842076728 -0.3190619908701967 0.9024435894465553 0.5000000000010809 -0.7377253439660457 0.4536092116228446 0.5000000000029352 0.2886751345923148 0.8164965809268118 -0.4194559379477381 0.8195232678777722 -0.3904335148617757 -0.3333333333365555 -0.256600119637194 -0.9072184232525917 0.5000000000005301 0.8660254037841326 6.358404341066426e-13 0.4999999999977486 -0.6735753140534081 -0.544331053955315 0.4999999999974182 0.2886751345966989 -0.8164965809286403 1 -6.121452530141902e-13 -3.378537201800825e-12 0 0 0 
-0.6324106135856582 0.6009785850312936 0.4887551085748318 -0.968437875570915 0.01522010700040767 -0.2487899304686369 -0.2894736842105262 -0.3190619908679512 -0.9024435894464341 0.5 -0.7377253439645219 -0.4536092116265142 0.4999999999999999 0.288675134594813 -0.816496580927726 -0.3856363203008577 0.7999975025246227 -0.4596614236796259 -0.3333333333333335 -0.2566001196398336 0.9072184232530289 0.4999999999999999 0.8660254037844387 -4.192259651787572e-18 0.5000000000000001 -0.6735753140545632 0.5443310539518176 0.4999999999999999 0.288675134594813 0.816496580927726 1 1.153076565584672e-16 -8.90290055840114e-18 0 0 0 
3.988038357446271
1.340027861404499
Compared the following, no match
-0.6871695764092055 0.5638388549113776 0.4581306789004852 -0.9338973814241576 0.03751195402002248 -0.3555679038871495 0.5000000000001608 -0.7377253439657905 -0.453609211624274 -0.3333333333346352 -0.2566001196376737 0.9072184232531616 0.6353130889808839 0.366798182939837 -0.8558402595816417 -0.2672311927913722 0.7316362702830783 -0.6271330461756633 -0.1772874063867575 -0.2062150703893532 -0.9623120701108195 0.5000000000004902 0.8660254037841557 -1.244347077971785e-12 0.4999999999991224 0.2886751345963041 0.8164965809277362 0.4999999999989247 -0.6735753140536637 0.5443310539539183 1 -5.659563974907479e-13 1.274858367390058e-12 0 0 0 
-0.6071171644824505 -0.7876046653064234 0.1052978621736741 -0.9338973814243569 0.03751195402024803 -0.3555679038866024 0.5000000000000255 -0.7377253439652461 -0.4536092116253084 -0.3333333333341018 -0.2566001196386613 0.9072184232530781 0.6353130889803622 0.3667981829408179 -0.8558402595816091 -0.2672311927918248 0.7316362702836855 -0.6271330461747622 -0.17728740638725 -0.2062150703883859 -0.962312070110936 0.5000000000003586 0.8660254037842317 -6.223102259095735e-13 0.4999999999995237 0.2886751345955367 0.8164965809277619 0.4999999999993238 -0.6735753140541498 0.5443310539529503 1 -4.140690929868928e-13 7.2976783458618e-13 0 0 0 
1.399035015127694
4.339385179437092
Compared the following, no match
-0.4415621261256512 -0.8579858455724366 -0.2624560488324577 -0.3478082643352107 -0.6191321783496819 0.7040630348144304 0.4999999999999999 -0.6735753140545634 -0.5443310539518174 -0.7992112513492169 0.01237462173613887 -0.6009228273694605 0.5 0.2886751345948128 -0.816496580927726 0.4999999999999999 -0.1118964217072895 0.8587660862010705 1 -6.008171535736593e-17 -1.55578715925707e-17 -0.9122954084655432 0.1418138201982907 0.38419516927397 -0.1327686576560131 0.6540042894272704 0.7447488656956461 -0.4856744550423018 0.8577545465468234 -0.1684561117846915 0.5000000000000001 0.8660254037844386 -1.665334536937738e-16 4.07466590921577e-31 -1.557174545347842e-31 1.337558346376935e-31 
-0.492809783121573 -0.5951539495831453 0.6347679055806549 -0.3670857272630552 -0.8744423151991121 -0.317172991014321 0.4999999999999999 -0.6735753140545633 0.5443310539518176 -0.9836277182757175 0.1188475185591539 0.1354687387260892 0.5 0.288675134594813 0.8164965809277259 0.5 -0.534549371076909 -0.6813640509164548 1 -5.539531053851441e-17 4.98844099028345e-18 -0.6196362252038028 -0.02715303803869157 -0.7844193144871253 0.2705404057616277 0.4211536930964793 -0.8657005577227789 -0.4499947435673319 0.8371548555221413 -0.3109284140079093 0.5 0.8660254037844387 -9.367506770274764e-17 3.394451526982503e-32 -4.764269199927925e-32 3.0592193460376e-31 
3.645213576218402
1.278692552946945
Compared the following, no match
-0.9763949262292299 0.08690571760855116 0.197738069882255 -0.388124269104161 -0.44435979531575 0.8074056750105895 -0.6038365754905524 -0.7900541418374603 -0.1058104109495689 0.4999999999995013 0.288675134594856 0.8164965809280161 0.499999999995902 -0.7377253439654433 0.4536092116295329 -0.3333333333312095 0.7698003589223661 0.5443310539490662 -0.3333333333325064 -0.256600119640827 -0.9072184232530518 0.5000000000036845 0.8660254037823114 -1.244507029697503e-12 0.4999999999982855 -0.6735753140581375 -0.5443310539489695 0.500000000002955 0.2886751345905153 -0.8164965809274359 1 -4.254471260486302e-12 2.1148139769591e-12 0 0 0 
-0.6167928936584502 -0.1621969855176541 0.7702328636337334 -0.4284136989655771 -0.8959207066015847 0.1174214206231083 -0.9810479674378697 -0.1098820229379901 -0.1595958226930748 0.5000000000008126 0.2886751345929263 0.8164965809278955 0.4999999999966323 -0.7377253439665147 0.4536092116269853 -0.3333333333303365 0.7698003589210782 0.544331053951422 -0.3333333333339635 -0.2566001196386825 -0.907218423253123 0.5000000000036826 0.8660254037823124 2.343510184423652e-18 0.4999999999974123 -0.6735753140568493 -0.5443310539513655 0.5000000000016426 0.288675134592447 -0.8164965809275566 1 -4.252403428770575e-12 5.082262576351238e-13 0 0 0 
1.344819783290056
3.831900600718673
Compared the following, no match
-0.5989554577848776 -0.3650414784860863 0.712739137815793 -0.3333333333315349 -0.9408671053465281 -0.0604812282194479 -0.9736842105267252 0.2279014220467875 -1.263945006436054e-12 0.4999999999980189 0.2886751345939908 0.8164965809292299 0.5000000000005125 -0.7377253439645793 0.453609211625856 -0.3333333333356912 0.7698003589177553 0.5443310539528422 -0.333333333333741 0.7698003589200489 -0.5443310539507927 0.5000000000009441 0.2886751345974311 -0.8164965809262222 0.500000000002185 -0.6735753140525186 -0.5443310539523407 1 1.796199901381787e-12 1.791333956810964e-12 0.4999999999984444 0.8660254037853368 2.720179347277367e-12 0 0 0 
-0.5783930935765861 -0.2771909983077505 0.7672200334715323 -0.3333333333333333 -0.9408671053461943 0.0604812282147277 -0.9736842105263158 0.2279014220485365 5.187135127648996e-13 0.4999999999999999 0.2886751345966709 -0.8164965809270691 0.5000000000000001 -0.7377253439634897 -0.453609211628193 -0.3333333333333335 0.7698003589207396 -0.5443310539500658 -0.3333333333333334 0.7698003589182624 0.5443310539535691 0.5000000000000001 0.2886751345929551 0.8164965809283828 0.4999999999999999 -0.6735753140558018 0.5443310539502848 1 5.551115940197064e-17 -2.222615688961802e-31 0.4999999999999999 0.8660254037844387 1.970489227025438e-12 3.617137176802277e-32 1.802670427946453e-31 -9.629649721936179e-34 
3.120524756819868
1.482706871356191
Compared the following, no match
0.4999999999999999 -0.8295152645949374 0.2488060003375943 -0.4975028212797949 -0.8484208506613 0.1807567508609309 0.4999999999999999 -0.5110816349164664 -0.6991391581445799 0.2385583209188268 0.439618558389716 -0.8659246218001529 -0.7188433625130284 -0.3012844511817377 -0.6264917394883048 0.5000000000000001 0.2886751345948129 0.816496580927726 1 -9.657519607173798e-17 5.520263939698332e-17 -0.9579233740243912 0.03312558703990219 0.2851061293290416 0.5000000000000001 0.8660254037844386 -5.551115123125766e-17 -0.6203416697451514 0.6696482745667429 -0.4083471576337731 -0.3333333333333333 0.769800358919501 0.5443310539518172 -2.476339657634341e-31 1.17126633274125e-31 3.867869181437191e-31 
0.5 -0.7846745257991826 0.3664503903147435 0.0379343050654655 -0.854768718615377 -0.5176209290357442 0.5 0.08393456601362227 0.8619483677275018 -0.2439646452284664 0.7182033227850324 0.6516634399896063 -0.7284388503526208 -0.6777861315043989 0.09991396917975813 0.5 0.2886751345948129 -0.816496580927726 1 -7.832211486021803e-18 -2.662758796799104e-17 -0.6414588421370311 -0.1589339738938746 -0.750513521388203 0.5 0.8660254037844386 5.55111512312579e-17 -0.9511994333919002 0.2969553150165278 0.08388789423011421 -0.3333333333333333 0.769800358919501 -0.5443310539518174 -7.802837461210279e-32 -1.871078556791426e-31 3.373646217368429e-31 
3.523696229788121
1.626059601633952
Compared the following, no match
2.348755773259431e-12 1.849461856004452e-11 -1 0.5000000000029992 -0.7071067811760099 -0.5000000000119035 -0.3623724356966505 0.786566092493805 -0.4999999999863039 1.36237243569259 0.7865660924797618 0.5000000000177465 0.5000000000006506 -0.7071067811945044 0.4999999999880966 -0.3623724356989986 0.7865660924753107 0.500000000013696 -2.348337327655395e-12 -1.849440654152448e-11 1 0.9999999999976515 -1.591376250362542e-11 1.000000000002348 0.4999999999954166 0.8660254037672347 1.000000000017191 1 2.58068913060421e-12 2.348368147251431e-12 0.499999999997765 0.866025403785729 1.719077056032578e-11 0 0 0 
0.2684747639204097 0.1550039772396404 -0.9507339628822425 0.5000000000043315 -0.7071067811741011 -0.5000000000132704 -0.3623724356968286 0.7865660924948417 -0.4999999999845439 1.362372435691178 0.7865660924797366 0.5000000000216352 0.5000000000007487 -0.7071067811954017 0.4999999999867295 -0.3623724357004113 0.7865660924735411 0.5000000000154562 -3.582605384074255e-12 -2.130062482284359e-11 1 0.9999999999964173 -1.770853421833493e-11 1.000000000003583 0.4999999999933065 0.8660254037649341 1.000000000020238 1 3.592289853631914e-12 3.582674996623522e-12 0.4999999999968891 0.8660254037862347 2.023831474552162e-11 -2.985567571992479e-32 -3.015295353927034e-31 4.230425493468088e-32 
0.3138981908653191
4.571812324014372
4.571812323993847
0.3138981908849239
Bank is size 11978
Aux banks are 604452
Elapsed time: 4955 seconds.
